13,49520970,50512864
1,15562922,16561179
9,115539085,116535410
9,16638043,17634920
1,247000748,247993973
14,74682373,75679645
19,7988117,8976713
12,50062681,51056511
3,99553701,100550650
3,56092472,57088114
5,180195862,180709915
17,32808792,33806546
14,31433086,32426570
2,10331919,11330412
1,109559471,110552268
3,137832043,138825892
3,155894892,156891626
6,12833077,13828363
12,123258583,124250893
4,1215100,2213819
8,66052489,67045978
21,44585405,45577102
8,82257060,83252586
13,52693868,53689627
3,182334215,183329894
12,107655149,108653453
12,51286750,52285485
20,32637001,33634479
16,28136588,29132221
10,101271789,102269206
20,57056930,58056193
9,133884676,134874805
17,45546893,46542719
19,37208998,38207632
17,40782083,41776686
8,143309504,144305757
5,73667222,74656539
10,130766680,131760352
22,24079243,25076598
1,223363312,224351023
5,6136125,7125022
3,121054605,122053715
17,40822678,41821086
3,157893443,158885676
9,139376426,140373789
1,178702875,179695998
22,32151704,33151251
9,135724174,136723520
16,67848515,68842895
16,2868641,3856445
12,69261044,70246240
14,103539669,104523839
1,25099438,26098350
5,139057076,140050265
1,63495975,64490893
7,148324344,149319439
11,43408419,44398031
5,71120086,72115763
17,61414900,62406971
19,16689639,17680101
17,37722515,38716360
8,108596443,109595712
6,31077938,31812038
22,23826549,24815406
6,35391787,36386464
9,140550430,141054761
12,132150870,133120309
2,201724360,202721424
10,90251502,91245284
19,57447994,58443325
2,38394363,39389855
15,74686539,75670079
16,28206357,29199058
7,76548003,77545076
16,83721952,84718223
17,78995570,79994026
4,76363477,77360431
17,53001456,53993020
14,49598993,50585248
19,35696724,36694438
22,49812223,50809482
5,54030724,55028160
2,200235352,201214071
1,108243851,109242392
7,99450700,100446235
11,60663629,61657926
4,153206597,154200320
2,113537223,114535642
15,43124018,44122866
20,43923102,44918759
19,52374118,53370345
15,66086943,67084685
1,25941936,26929002
12,109820777,110815922
1,159814844,160809285
5,139740454,140733878
6,73504798,74498829
16,88655501,89653032
13,110865881,111864889
5,139440463,140436063
7,101833044,102828670
1,115887041,116886230
5,12225,685748
8,58827592,59823491
19,51655950,52647893
10,81247193,82241930
22,25345537,26344024
7,63525863,64506904
7,74489889,75481823
22,27815491,28814890
5,95366294,96356873
7,45310031,46297747
7,89297377,90293105
7,107710123,108708313
1,154678986,155677223
10,127014001,128011731
17,79413436,80404326
19,1765297,2748597
4,76635569,77634028
12,49107298,50099067
19,57928709,58927489
2,23810290,24807533
10,101528750,102527400
20,3731622,4728075
3,19490425,20488265
17,6715678,7705410
8,37582993,38582476
19,52901905,53899873
16,86671,951045
16,3134754,4124300
3,9702755,10681877
3,137334960,138332291
2,86808198,87782796
12,10074626,11072302
11,2427291,3422223
19,57781034,58777937
16,71599977,72594387
2,215677308,216665486
3,128659244,129658706
19,23441936,24437024
9,94588498,95586719
1,247524439,248519821
15,24241342,25235716
1,236357391,237349738
2,23898966,24886781
1,44978184,45977685
2,189949189,190948115
7,99527977,100525805
10,100957930,101953705
13,38764882,39759268
1,159667190,160654786
20,60258466,61212452
12,113906626,114900429
11,6125660,7119112
10,71494181,72492725
10,10338329,11335074
22,45309653,46298649
18,59354616,60354210
10,79294680,80292107
2,27225144,28209283
16,28485141,29349077
8,19116393,20111286
7,148228005,149224560
16,30671532,31660427
3,52692124,53688958
3,128499195,129494907
16,31227908,32137965
8,105102837,106098753
6,104810256,105795907
4,15286785,16277491
17,74208424,75205145
1,156074845,157070951
19,9623107,10621108
18,4746792,5738125
6,75960943,76948675
12,120474110,121471931
12,75405957,76404693
16,76742027,77739214
11,198510,1137086
10,101780614,102776870
12,133037139,133778796
1,109787493,110784219
5,149827098,150825329
11,117945632,118943599
13,24997257,25996690
17,80176641,81051007
19,3958397,4954310
4,24881852,25877821
11,32416875,33414270
3,97956918,98951383
17,28305017,29304366
19,16927531,17921015
12,75286975,76284349
17,42638677,43570226
19,44506249,45496303
10,95805955,96805371
2,10331919,11326755
17,79671208,80669156
7,43298377,44296307
17,9311556,10305820
11,29845532,30843457
7,111627007,112614215
7,63952316,64943617
17,3045626,4034680
2,28594035,29592365
15,68050777,69048691
6,34369906,35353523
7,107042750,108027063
2,99297883,100295638
1,182058661,183052585
1,23007175,24004202
15,90999128,91988574
1,172003493,172986122
17,14745343,15742180
17,17515891,18325085
9,100518369,101516176
3,37529636,38527913
2,206524960,207518810
13,51880895,52818257
16,89250882,90172696
2,175054934,176047323
7,22775663,23775454
4,95180937,96179014
4,186525914,187525020
1,84962900,85962169
11,66579572,67550395
13,52530522,53527973
4,173829168,174826157
6,2524756,3521103
1,153104182,154100693
17,40318296,41307101
17,77631075,78573872
8,85520966,86518484
12,123656533,124655485
22,46637254,47632019
16,77636711,78631794
15,62836025,63831984
3,47985361,48982732
3,49228501,50225029
8,143291396,144280718
10,113634859,114628613
20,1102532,2097688
8,120368303,121366769
12,75286975,76284349
9,136109279,137104210
7,65967459,66956421
7,93638888,94637458
3,138903294,139896049
7,73809454,74494207
8,56491679,57485298
18,12498878,13491039
2,190032578,191023961
16,86671,601632
12,132810881,133763352
1,16041606,16844848
11,63493919,64488054
12,191619,998365
19,788074,1785185
3,118688394,119684407
1,236458715,237458209
11,198510,705404
3,125137292,126134636
8,144639952,145637148
8,17282411,18279253
18,13634202,14620707
6,34225931,35223137
9,89133257,90126076
19,50349958,51345821
3,125321627,126319724
3,157950607,158945330
16,30635659,31615366
19,34919852,35911581
3,183473203,184466500
15,64181470,65175674
20,594780,1559259
6,169604132,170601259
18,10026087,11025325
15,83823910,84816785
15,44819581,45809130
16,23071932,24068314
8,144316984,145286483
2,41897072,42895816
9,35319634,36315900
6,106578420,107573570
10,98894444,99890470
5,12225,938606
2,113861561,114853076
17,37584368,38583606
7,22648194,23643440
8,82106632,83098888
1,23026489,24018224
17,73441090,74435359
5,81882387,82871757
10,81382253,82338347
12,48803701,49796721
15,63864433,64856394
1,16182813,16844848
5,68507635,68828296
5,87067681,88063940
1,180503394,181500324
22,37980342,38975511
7,99227172,100221867
12,103866354,104854011
7,149522366,150518393
10,71936341,72928131
20,43598705,44594575
6,162648914,163647830
2,208729540,209723458
9,98138938,99132375
14,23926359,24916304
3,107445366,108434955
9,130200369,131199576
13,102951543,103951250
21,34352692,35347960
18,51297633,52294195
1,37525003,38522092
3,194666308,195656731
19,54106547,55105409
1,173386882,174383680
8,85636554,86550476
10,80328687,81251344
16,49601768,50598798
6,149539773,150536595
14,20305431,21294373
5,59742759,60736949
7,140979634,141977608
16,89287857,90172696
14,77287411,78285474
4,112708803,113700149
4,82986961,83976492
4,140849333,141848258
8,73421719,74419279
2,241762579,242754192
3,121119101,122112381
16,2465990,3461294
3,12099776,13097057
3,148971080,149968000
15,85423958,86420432
4,88429759,89424742
22,18463266,19456763
8,63455403,64451685
7,11944287,12941929
20,36564394,37563352
3,51802912,52778347
11,64993357,65985168
1,154511502,155505967
1,58666076,59665542
2,74194587,75190024
20,52297394,53289977
19,3903004,4900684
6,2733169,3730570
16,69490554,70473934
7,127812871,128812149
12,55943026,56934928
6,85888975,86887829
11,60239723,61226398
14,77287411,78285474
20,2691396,3688853
6,159714412,160706718
1,230384582,231380807
17,16643881,17634281
1,119185080,120182906
14,24270992,25265961
1,28206588,29195757
4,154185536,155175588
3,75344973,76328982
1,227417193,228415594
6,46122033,47120281
19,15808890,16808183
11,68172102,69160993
1,220463977,221457113
12,121735597,122733016
17,30093283,31082863
3,52217704,53213970
11,64697386,65686180
1,112510134,113504658
1,207175037,208165417
2,219026888,220015217
1,111471054,112470093
11,63585804,64584987
18,132301,1096439
16,76969076,77968108
1,42421994,43421524
13,42349482,43345317
12,48077073,49073156
17,61414900,62404452
3,127136200,128133108
10,37651783,38643549
4,44186433,45179883
14,24401292,25399365
4,121347367,122343902
16,75161305,76155810
3,40001822,40986300
17,17378504,18325085
8,87033100,88018805
15,79690092,80688198
1,230617150,231608260
1,39658322,40649982
22,46165101,47158179
22,23597030,24587303
3,196199204,197195524
2,73878352,74856123
2,42526512,43521167
11,68172102,69160993
1,161236456,162235437
17,25722131,26719625
1,178496241,179492085
3,141817185,142813964
10,104132535,105127708
1,225750889,226748343
12,10000986,10622047
22,21798199,22584809
1,71014024,72012933
11,76801982,77796717
1,89000384,89982719
6,42447008,43446795
8,85787044,86550476
11,16999029,17994314
19,51909404,52905067
3,48011638,49004723
22,17023514,18016508
1,169056077,170054301
16,1381714,2368169
7,6698297,7693919
15,62951029,63945836
17,61351398,62347505
2,96496891,97489870
22,42754874,43750704
9,34120720,35109949
10,69733182,70728974
3,48528850,49526300
11,6179462,7172160
10,113709219,114704781
1,54607617,55602644
7,141109797,142104852
15,40175097,41171132
2,36374519,37368452
1,109700028,110698651
5,176242325,177138298
9,32975210,33973324
7,5605130,6591796
4,185847793,186846999
13,50986118,51982196
17,7336055,8332598
19,22215441,23207386
1,109759776,110753808
19,48115761,49112993
10,85485473,86484367
9,111382744,112381955
13,102847392,103846570
4,9370814,10281824
1,20416794,21410231
16,67623334,68603798
2,131786518,132757831
2,95528035,96423982
1,63489340,64488856
7,134334657,135329978
7,99435739,100431980
7,102334106,103210068
18,11812228,12802416
18,43999423,44995176
10,75260183,76247105
3,52584715,53578883
9,114161531,115156389
17,30181206,31175581
6,27825860,28477895
12,57679030,58672538
5,114921251,115918646
8,70250407,71245909
3,4011128,5003570
12,48866792,49847570
4,57349282,58342184
11,77789554,78785279
17,15399737,16389498
8,145154910,146151479
7,22363812,23359853
1,174538701,175536944
15,40204216,41177514
7,75579490,76550045
15,102004023,102400037
2,31993081,32987528
4,15184903,16183109
10,45371418,46283686
15,45202919,46190366
6,152826627,153822736
16,74683737,75681699
9,113928964,114922067
5,70306678,70689452
2,73857002,74847455
9,20840838,21833659
19,32666629,33664668
2,190708287,191707099
2,95339024,96244225
3,195047912,196038384
2,85834194,86830876
22,41451185,42435868
17,18265264,19247075
22,31559255,32557939
15,33763472,34671124
17,42629737,43570226
3,42347749,43345175
17,73397871,74389890
5,75615959,76614390
19,12505873,13494259
15,22755185,23255910
17,4889779,5884240
11,124325304,125323965
18,11938804,12931789
2,75374043,76367821
1,17213883,18132937
10,69597786,70592130
16,2225823,3219600
2,55651624,56643955
11,43081654,44077227
21,47216919,48090629
1,74165396,75160724
1,179216736,180210791
5,80772960,81765932
21,45031458,46023713
3,125927576,126920448
2,207132517,208129918
22,21917190,22833756
14,35095945,36087637
17,79154638,80146866
21,47083609,48073310
19,57370055,58357546
7,99150185,100141861
11,198510,733639
2,130240448,131134849
16,1333387,2332577
19,37711656,38708970
8,82145721,83143595
14,75600697,76599958
8,145135105,146129268
17,43871147,44177103
6,110238266,111222552
17,56734695,57726691
7,98536944,99535951
1,246390090,247385877
19,51575281,52574423
22,18877787,19779137
17,7781061,8778971
7,7258339,8257560
5,95648728,96633959
19,49595007,50569560
18,71674707,72650685
17,3587,756111
2,23939480,24924438
6,151273469,152270672
4,78291173,79283643
9,127416900,128412676
6,46158053,47155051
7,149071780,150068933
4,200631,1193832
5,81074655,82073110
13,49769309,50762560
20,60997040,61989111
9,115415254,116412663
21,37950796,38939994
19,10179657,11174625
14,20331117,21311146
19,483850,1481481
11,65814842,66812338
5,94391574,95388015
16,68847584,69837465
10,96954298,97953286
14,96764583,97748870
8,144222258,145216008
3,49807085,50800146
10,69493240,70486325
22,18512094,19509729
3,38038982,39035786
15,55108832,56105576
16,3056584,4049365
11,59681043,60663629
9,100319031,101318797
19,36581636,37580415
11,47110652,48106486
5,77782912,78780550
11,73089293,74084729
3,52366044,53362310
14,73824705,74817418
1,16473514,17469692
19,9046876,10045125
3,46521392,47520954
10,18440733,19437915
16,55964668,56958801
1,62657530,63650851
17,1707762,2706583
2,43732823,44723123
9,35192366,36191004
12,101592689,102589675
4,52683607,53208616
15,45003364,45990780
4,72934539,73931526
12,111844218,112817847
1,149967911,150958977
3,48972351,49961780
14,91833993,92833865
22,20732809,21465050
19,49366170,50363175
15,99292805,100291062
1,64933188,65925349
8,27134100,28128086
13,40863667,41860892
2,48257961,49255431
17,44915265,45896478
22,40757228,41747717
5,12225,801172
16,67538910,68515208
1,861808,1856098
2,170051167,171050475
6,23904331,24901350
9,132071140,133059821
1,207435727,208424980
11,89372109,90364381
5,13448037,14441065
5,148881158,149878988
19,21695171,22693596
9,131379998,132370360
4,83323062,84317759
22,46160624,47158179
14,50635285,51633170
7,158438186,159119486
20,48913944,49909373
15,84700783,85695199
22,21798199,22484348
3,49497883,50474574
3,38652884,39641794
1,247559367,248557425
3,9831112,10825837
2,46670146,47666838
19,13376313,14372872
10,81408081,82389754
10,117536249,118528593
19,2321430,3319781
8,48392295,49369591
8,72260254,73252878
1,47157306,48155984
13,50158142,51153732
9,96522109,97520168
17,76338687,77336738
20,13266552,14264636
11,72998687,73996399
2,100260855,101257623
8,144555316,145545949
6,109204789,110196609
1,179061108,180059811
10,133434783,134414834
2,201598521,202598113
19,54206657,55201276
5,150102244,151088626
1,42737932,43730859
17,52548125,53544670
19,48324722,49322117
19,49872085,50871147
2,101426316,102421978
11,323649,1318312
5,127682184,128681152
21,29893891,30888877
17,66727924,67721149
4,47416819,48413919
11,70764308,71759087
19,34572881,35568212
19,1927763,2923263
2,85147568,86143143
19,27809246,28784149
13,97153266,98136968
6,31474280,32080383
1,53187767,54185389
7,64002859,64956181
4,78973933,79967383
5,79461110,80449911
10,45849370,46691610
11,95625757,96610573
12,111951850,112941571
8,90270072,91269272
6,137930302,138917270
9,98138938,99132375
2,202149696,203137466
1,27742831,28740421
4,492129,1416863
2,152099885,153090677
1,182660091,183655210
4,843184,1840843
20,33547633,34537160
10,90675317,91671645
16,20254875,21250033
9,77211493,78198138
4,176699362,177697762
8,66844743,67840116
19,9951916,10948031
17,48124348,49123391
12,120388858,121377656
12,55891377,56886361
6,26887930,27837267
14,25023137,26018891
11,68289338,69277975
19,5291410,6287971
6,170401188,170919470
16,57769133,58764587
7,55632524,56631632
16,52970055,53966063
20,25350223,26307797
16,86671,916122
1,53109088,54103375
20,2321363,3314962
22,45063743,46059623
16,1045384,2041492
1,183524855,184517062
1,168930460,169927576
3,48225509,49216472
4,87752909,88743279
1,230877144,231876767
15,43166029,44160582
6,168059613,168896847
21,42800466,43795697
5,79461110,80449911
5,179826955,180709915
3,183029331,184026703
9,115615241,116603294
13,36372410,37369314
6,41625429,42618490
14,20278978,21271573
7,22722904,23720720
5,80101773,81096255
5,148881158,149878988
5,148228496,149222942
3,166604577,167597616
9,91430547,92342927
13,113646032,114639025
22,19421229,20308800
10,134710428,135434988
22,42988117,43982546
6,32014456,32982298
2,48044772,49041322
17,73619920,74615229
1,16567622,17564990
6,41664032,42661404
18,20526828,21515391
10,4564553,5558349
10,2715418,3711459
17,77644678,78642620
2,242175331,243048760
19,58417426,59095126
19,32685101,33681470
6,2564963,3560781
7,66269051,67267349
19,19478051,20475874
7,678853,1677696
3,51211275,52190657
8,130958951,131954652
12,601584,1598836
1,173299064,174290781
17,42287519,43273187
22,29781445,30776095
11,117903210,118900363
19,1833338,2827300
1,234009763,235008029
12,48825686,49816728
15,72486509,73477482
10,71392692,72387194
9,102361948,103361114
16,4317811,5311539
15,77219066,78203913
1,120406583,121312687
17,44177103,44935683
5,77866228,78863936
2,118272345,119271253
9,72160174,73156391
8,8092025,8586016
22,26379969,27377796
17,15764507,16718225
1,1017197,2007381
13,113970662,114960232
7,97096537,98092506
2,166732527,167731144
1,230676042,231669827
12,95844442,96836030
13,114547420,115106996
19,32963954,33962172
6,155136501,156134070
4,69713,624897
14,96332114,97325011
20,747835,1741300
17,28659010,29650656
15,62914231,63907940
7,111567039,112556323
19,21081019,22075780
22,30443297,31442308
6,109263187,110261409
10,52251897,53250879
3,45097509,46096385
12,30730345,31726705
1,37930245,38910848
1,46587887,47582195
5,76010349,77005753
1,19139517,20138436
19,21049102,22036167
7,100386900,101381613
7,72722981,73709720
1,93130268,94127935
1,85679397,86667673
11,63608047,64602757
11,65349756,66335308
6,151317192,152313718
15,64628534,65615556
22,41604557,42592239
8,123931864,124928262
2,37074951,38069839
14,73507393,74498333
15,84405465,85403818
6,48942969,49929929
17,12421992,13415810
19,19652746,20647550
12,111706877,112702958
11,17628053,18626834
11,8493429,9483493
3,47813588,48780317
21,34141161,35138326
15,50562563,51557257
6,117249384,118245925
10,71644960,72639800
13,75624170,76618974
5,133576837,134573992
11,125440303,126432979
11,111552053,112543811
19,12054516,13048608
5,20846352,21840088
20,24874095,25839669
12,120522303,121517820
4,492129,1416863
19,992903,1990679
10,133647554,134644410
12,50399254,51392323
1,166458826,167458092
10,81577614,82464634
1,244682281,245663519
5,14375908,15366156
7,4513806,5512271
5,176285598,177260129
11,17934383,18933049
7,65081242,66068129
6,6891080,7889310
5,81080090,82075103
11,56811917,57808228
2,28189280,29176496
4,20201089,21196477
4,17016263,18011202
17,32791490,33778649
17,17939247,18923818
19,20352206,21344190
8,71089017,72078648
12,30349352,31334803
3,129432347,130428146
17,25342455,26281739
1,15412415,16406162
6,87533862,88532072
4,37328396,38327907
15,41337487,42336250
2,19602083,20601563
20,25071454,25990002
9,99963074,100955714
2,112521847,113505068
10,96972889,97971058
4,186649795,187647350
10,134834077,135434988
11,11898743,12896590
5,178626437,179623637
11,198510,906708
7,34579919,35576991
20,35315041,36306966
7,99019820,100015457
15,75170983,76158983
16,2868641,3852776
10,105528767,106528466
1,846808,1838516
2,215177596,216167244
6,158089761,159085981
5,77907628,78899835
17,28456758,29454766
15,83213963,84180207
3,53424056,54409526
1,169265794,170263540
19,32572648,33569500
9,17082525,18077284
3,183451148,184445284
3,38493212,39490061
2,112841856,113841532
19,56408295,57404927
9,33679273,34675471
16,19229662,20225644
4,55779995,56761548
22,18537041,19532378
11,17844037,18843503
7,101817795,102807435
22,23027809,24020575
14,75034699,76030642
19,32861805,33860036
3,87706384,88696551
2,112698460,113691499
1,23266939,24246588
1,1823922,2822146
20,61404385,62401143
1,19711749,20707153
6,34165721,35163549
9,103699591,104697328
19,33513342,34492200
22,50204273,51186228
15,55113486,56110546
12,21595390,22570161
2,69621199,70616143
10,98665466,99660158
1,16601621,17595925
6,42702570,43697187
17,7656325,8648103
11,27633409,28629115
1,752566,1550702
4,3036004,4026268
4,47522029,48517352
1,24246588,25241116
13,19421074,20411701
13,37134465,38131993
1,21852078,22847797
16,69786092,70785197
8,22027151,23022620
22,38975511,39966547
11,65157094,66135179
17,73374945,74368703
7,89468118,90463101
19,19387356,20384056
17,4308647,5299950
19,260912,960445
1,752566,1715011
1,1356550,2345966
7,6370077,7366131
1,111183367,112176753
16,71545488,72540539
13,28794258,29791137
12,118074320,119072505
7,1046637,2041432
7,65648901,66641245
22,42397469,43396445
14,30844721,31841162
15,90432526,91431255
11,113077541,114076935
12,10102441,11093703
8,49156411,50145997
2,157849626,158843397
3,125695247,126693685
8,118033327,119030277
6,89851006,90845036
15,83237769,84235930
10,118506755,119499443
3,48961726,49956628
14,59452572,60451145
5,111699317,112696768
19,7063372,8060702
19,19440066,20426003
4,1224631,2221089
4,94873056,95869323
6,53031470,54028347
14,23940359,24934910
7,2587150,3581391
6,109514045,110511814
2,97261593,98225437
1,247762249,248688317
5,73565675,74563780
17,18029857,18923818
6,27819353,28477895
1,234993468,235988566
12,6060960,6956462
11,61605215,62603916
15,39832122,40831258
8,26848328,27848226
7,7076459,8075259
16,29193056,30187676
8,17267877,18267338
10,42607692,43589056
4,186612675,187606984
21,46213435,47202037
14,23960758,24954166
19,260912,988261
2,201254171,202252539
7,63968836,64956181
6,56320940,57288930
1,145095477,145747463
11,43617546,44615815
1,66722332,67708670
17,44177103,45166126
3,48547195,49538932
17,48057873,49051279
20,33505937,34499368
19,16108794,17102886
15,74335805,75330159
1,172520965,173518832
3,195235695,196217038
6,40572018,41568455
6,109263187,110261409
6,36967916,37963308
14,105148241,106137467
12,132988515,133778796
6,31077938,31211050
4,38908643,39904982
2,102432368,103426177
22,43789217,44787383
8,79219295,80214806
1,26144674,27138393
20,24475213,25472923
7,75640967,76637441
22,22913629,23910746
6,42439695,43427850
20,32913534,33913291
17,65747431,66743606
16,87299885,88299491
16,1325971,2321036
4,76571732,77567498
11,118459269,119451940
12,10597207,11589497
16,58049569,59045772
2,200313323,201312663
19,36422638,37407214
9,139947473,140944123
1,161192316,162188515
6,25867566,26835580
21,47149335,48090629
3,52668119,53663648
15,79710970,80706790
19,46792871,47787587
17,45412629,46407434
7,149071780,150067714
1,40462662,41442786
5,60437381,61433325
19,6238183,7235389
9,138761762,139756477
2,168607437,169603048
11,69619417,70616176
7,76701600,77666501
1,26005360,26988026
11,110913240,111909819
18,33910602,34907964
22,18426299,19423250
14,55378991,56378340
19,37670469,38663860
12,117038152,118036810
19,52699440,53693524
11,198510,733639
2,160262693,161259685
17,45422628,46418589
4,118701446,119696679
7,99471072,100471044
19,21168754,22158992
12,33094966,34092304
4,100316086,101315291
3,149771752,150768607
6,25559898,26555879
9,33898779,34895767
12,10825534,11823837
18,6264811,7228868
14,70327334,71323514
14,50798037,51795705
3,125161022,126155455
11,65109233,66100430
7,99277593,100266081
7,55621036,56617792
15,57094724,58091943
3,46123839,47120640
1,886384,1875859
5,131101189,132093037
18,33214421,34207907
17,41764918,42754777
1,38992741,39991588
4,2469981,3463452
2,113884673,114884165
1,146643555,147398560
1,1129672,2121118
16,67351698,68337948
15,75852784,76845050
11,77361025,78344839
8,11474651,11891593
7,151159768,152140994
12,120954490,121950655
3,131944637,132938378
8,22886818,23884839
20,61369472,62365556
16,4353057,5352666
14,30593031,31585289
2,131754308,132733281
19,36370223,37367132
17,43132290,43913030
17,41487103,42486973
7,43270950,44268785
8,144135387,145135105
15,43161799,44160582
20,61269348,62230974
22,49552804,50546900
1,95201044,96198292
2,151767424,152763157
19,10998019,11993350
16,117194,1116567
22,24402321,25357408
4,105897524,106894867
2,11319660,12317062
2,241627928,242612784
5,140072647,141066161
11,61890812,62889518
6,149763410,150763053
7,149528262,150525879
16,49781007,50766886
17,10062690,11055263
2,48174157,49165092
12,40103372,41090138
7,75059331,75524412
22,43760187,44757439
2,189809860,190805662
19,55396900,56393264
6,33267672,34168464
4,57477794,58476120
19,57499544,58498143
19,36324324,37321395
17,45537395,46513270
22,41459486,42454950
10,50249026,51127454
22,50540349,51219006
15,64579278,65564595
11,119586389,120577600
1,205220087,206218943
11,1515271,2505733
8,11776060,12773958
3,8905524,9903362
2,66160691,67158316
2,218982862,219969798
11,118391375,119388572
6,34263743,35258539
15,41203736,42194217
14,99616707,100611105
7,140943072,141937889
16,77257633,78254732
10,69792721,70783580
8,21937667,22933011
6,54944656,55940735
7,37721759,38717538
8,27447324,28446734
21,29759698,30757494
8,41906095,42885355
13,50071707,51068896
17,30761160,31752386
1,220556588,221551539
1,27926006,28901455
6,42354566,43345803
17,10134987,11131123
17,18185510,19172196
4,129522518,130508349
20,9919383,10907703
5,35119546,36103905
6,25883714,26835580
14,45106267,46099166
3,39931414,40921103
9,33255743,34249204
20,31790377,32764183
1,58514090,59498925
7,99787372,100782460
2,3142500,4142421
17,39492617,40473835
2,53778909,54777576
16,780339,1779695
10,28322859,29320403
5,176017455,177011863
15,66183451,67176984
15,89938586,90936704
12,2487001,3477594
9,114438945,115437584
9,15055607,16051759
19,53451291,54443866
3,65619322,66618030
1,19080506,20068594
2,69690187,70687052
17,79899900,80872785
9,111197736,112192338
11,10062999,11062758
3,148306402,149303424
12,133262001,133778796
5,139775839,140758148
2,208555031,209551392
3,121603571,122601270
14,74973740,75968125
9,139483954,140477812
2,166151876,167150609
2,47073260,48047335
7,72674074,73652218
1,170658355,171653957
19,48556167,49535024
2,95440352,96423982
6,3636411,4629654
9,12187104,13185149
17,47747648,48743275
7,50023202,51017468
5,176714943,177708503
14,24412772,25411786
20,2146285,3144664
17,5960849,6959307
3,42143216,43139990
20,43038782,44038574
11,125640441,126635660
2,88428571,89130009
9,106356922,107354655
4,7256620,8254784
1,151471971,152465360
2,42152510,43151319
17,15403878,16402114
7,154371181,155293052
5,109928666,110926569
11,107870499,108863885
10,595504,1595373
14,50083801,51082586
19,21740932,22730773
1,223042940,224035842
3,99935234,100924203
6,118973998,119968580
5,171386091,172378857
1,42436054,43426591
16,885032,1882914
15,78360691,79356631
17,3045626,4034680
6,24167807,25166010
11,93637462,94630083
11,72004835,73004053
16,994887,1990994
17,4373098,5366947
5,145062940,146060324
3,137814703,138803794
3,47846566,48837182
3,44931692,45927759
3,37681360,38678009
5,33513441,34508116
11,10380775,11379260
20,17949452,18945059
2,134976644,135976498
3,112754626,113749765
5,125910682,126909061
17,44177103,44950122
4,146601349,147595984
5,172818061,173814476
2,97708611,98703659
17,33070529,34069578
11,34438320,35433926
9,115539085,116535410
19,43790751,44785236
6,134773227,135769689
21,33464643,34458347
17,73497439,74487735
4,7940903,8731330
22,30800338,31796563
12,47665869,48662670
1,65389094,66386116
12,120667194,121660787
4,78249802,79240674
17,54411508,55409312
17,48733815,49730450
11,61099072,62096355
13,79481136,80479404
6,134926962,135921139
19,33123576,34122429
17,73086966,74083948
6,24667323,25665041
12,109431607,110408343
6,160043247,161032089
22,17614011,18611223
17,54666735,55661470
16,4169251,5145230
3,121634887,122630346
2,54960680,55958891
1,752566,1258246
5,64365776,65350481
16,30546488,31542415
4,177870509,178841353
7,92279363,93277454
2,17436923,18432631
1,166342029,167337579
11,118441846,119437268
14,35780196,36772564
13,19303482,20297918
12,4258438,5257581
2,88492058,89130009
4,44186433,45179883
15,74666367,75654511
16,46517601,47153652
11,75995407,76992664
1,23786203,24785393
8,145727705,146293414
5,178836180,179833485
10,73886306,74885830
20,4593976,5591903
13,28177866,29173753
11,56799243,57796009
14,64882380,65880621
16,3976979,4975279
5,139721701,140719090
19,36046957,37040013
20,44807986,45803998
10,88487754,89485071
12,26676748,27669779
18,77307368,78015180
6,2256627,3250324
3,40019103,41017070
6,39194149,40193032
17,79139164,80131879
19,43901831,44887525
7,33453144,34440634
7,66274955,67269597
6,168343163,169340148
2,190150205,191148558
3,72437413,73437112
1,75763491,76756343
21,46563820,47562417
10,133647554,134644410
2,231327291,232324780
12,14462978,15456242
14,20425051,21422666
19,15253411,16250914
15,32390070,33383441
19,43513659,44506984
10,122113893,123109599
2,10777787,11769774
15,43512604,44507403
2,233977318,234971975
17,77537992,78505550
13,43098347,44095877
2,119482060,120478826
8,103811092,104810093
11,112685992,113684809
11,130286766,131279037
1,16461833,17459855
1,74165396,75160724
2,127552279,128551370
4,123161619,124140719
11,77402419,78399121
1,21276854,22265293
1,54687065,55673420
10,85509196,86503601
9,5333154,6332901
4,44234559,45224500
3,127465870,128462366
13,20640847,21638360
14,54996630,55993256
14,88352666,89348612
16,86671,688557
2,2989504,3978214
3,41504134,42503620
6,44846008,45843864
16,29638641,30626616
1,205322091,206317334
2,159644006,160642416
16,1757618,2753180
8,144158342,145154910
6,45649619,46632006
16,66966799,67960105
7,148296304,149286695
21,44711272,45696025
1,65393533,66392405
11,198510,1037029
5,128298437,129293427
3,133709523,134705012
16,86671,725335
7,151662184,152660097
2,86065256,87059005
1,110916018,111914431
8,91619162,92612290
12,123586688,124583446
13,40939284,41937057
10,43134086,44127462
1,7514621,8507773
1,86125753,87118715
15,39730154,40725263
3,182853670,183852861
1,3275149,4273842
7,75179542,76143705
8,103654071,104648855
6,149388695,150385886
2,15202680,16200946
9,115604643,116596058
16,28108528,29101848
11,93018077,94016608
14,22926490,23926359
18,43049266,44045287
9,113864119,114861016
19,45092942,46082384
16,89385561,90172696
12,66064473,67058318
5,138232087,139226993
21,36943532,37941317
9,130769800,131765987
20,44247693,45244632
1,52694284,53687589
2,88239332,88969658
16,29638641,30617698
2,99272057,100270694
2,209792207,210773693
19,50519231,51517798
2,71880211,72855023
19,8934907,9932831
11,66853465,67846196
22,18507030,19504470
8,71089017,72078648
1,246772019,247763857
16,521579,1517728
9,37404949,38404292
1,230973707,231972217
1,212693245,213685950
19,51891848,52888620
9,94379035,95376594
11,85885461,86882599
17,15627329,16617186
20,33632600,34622916
12,76242553,77241340
14,24234400,25231144
5,148431964,149431259
1,160511648,161500130
1,112671286,113658887
16,55368635,56365355
15,41132778,42124082
19,47357875,48352364
1,42925688,43921384
2,102472459,103468011
1,21254593,22252790
9,107013860,108008916
5,101132746,102131967
17,61026121,62020348
12,2500203,3496222
4,165383504,166373881
17,48743275,49742553
9,139650060,140647817
19,57901261,58899466
19,49457938,50455351
5,176481831,177426530
1,150282784,151279855
2,101389843,102374959
6,108671964,109668288
20,24564317,25558298
2,236918539,237911082
17,10104105,11094177
10,74371894,75361789
11,70664218,71652485
22,18610110,19609943
16,70057868,70978362
2,190689771,191684231
7,65473688,66457626
7,129853779,130853246
2,46271484,47269033
3,48705934,49702484
7,55688100,56669715
1,154355251,155334933
19,57949426,58946203
13,94632820,95628005
15,64783725,65779783
22,37096101,38093169
2,67885488,68884666
4,159093958,160088137
9,129715736,130713616
17,59444758,60434267
5,139974473,140972117
21,47248981,48090629
9,139483954,140470119
1,91471041,92465842
17,28740923,29731964
1,246835793,247834126
22,41895409,42892596
1,32078940,33073535
2,151619179,152613583
13,40939284,41937057
11,92979065,93964452
13,111470038,112353025
9,33830844,34824830
16,53038538,54037971
20,5437267,6430197
7,75059331,75651665
4,703813,1701317
7,42453354,43451778
13,25045158,26039455
8,145545749,146293414
11,4129859,5128897
5,139980775,140972117
17,15826088,16819909
10,120427312,121423961
15,99774542,100773585
15,77926536,78917399
6,32527079,33283766
14,73540936,74532523
10,42786973,43776226
9,95027436,96025052
15,42003856,42999540
21,47216919,48090629
2,120271713,121269128
11,45293390,46281835
4,110240109,111231836
10,28128596,29118448
2,224314224,225309374
4,110249828,111241892
14,21449335,22442399
17,73872948,74872578
5,179220638,180218831
21,40318311,41314091
12,102847076,103838833
3,49834571,50818396
2,203246411,204234315
1,36423959,37415673
11,198510,1150353
11,77361025,78344839
15,100599233,101599113
8,103926036,104919476
12,21098302,22090462
17,20325731,21298131
15,66299344,67296638
18,21224345,22217466
9,27073942,28072851
2,112396055,113395241
19,20765130,21752009
17,73477364,74458938
19,33061120,34055738
10,102848834,103844935
7,32669532,33667314
10,85454812,86450858
11,66714782,67675114
5,140058893,141054240
21,37009507,38006273
10,91090086,92087653
22,17067005,18062987
10,32235145,33232628
3,47024495,48017617
19,35737893,36730960
5,139730444,140723174
17,6742672,7739664
6,42190446,43188940
4,785041,1770357
3,128624880,129616006
3,184030387,185026987
1,20338101,21324933
6,27915087,28477895
9,123207702,124185520
10,37769019,38700234
10,101547021,102545437
2,112803874,113797677
10,111259054,112253662
9,108998,687592
6,26887930,27842047
9,135045754,136043270
6,26162679,27155297
12,30580612,31578930
19,2642209,3634019
5,70907495,71899195
17,56270121,57269428
5,121687926,122676525
1,77254137,78243547
7,127616804,128615066
19,43835770,44830892
6,57797552,58770624
20,33753262,34751654
10,14920102,15908356
1,170002212,170996229
21,46903021,47900994
7,148976137,149949912
4,38960802,39958994
10,90251502,91245284
5,95716722,96705762
20,3370861,4367040
7,158136204,159119486
17,48840957,49837019
11,33961756,34959456
1,20544835,21543459
7,105024217,106016311
22,41981931,42965667
16,80570241,81569273
1,151696875,152694193
1,230279410,231277763
16,10845991,11839809
16,68068627,69062879
2,60928367,61925073
22,50517329,51219006
3,99481539,100479427
19,16907371,17902334
15,72846354,73842261
17,4831790,5821649
11,47165106,48162305
12,63565177,64553917
12,80918542,81909134
7,6252458,7246846
11,58176252,59171532
17,46524246,47520053
10,114940502,115933905
12,120846679,121839701
7,47488901,48484265
20,25177805,26176813
20,2721391,3717101
3,48898749,49884913
6,73864203,74858456
5,7356978,8350981
2,46344969,47343140
11,111140462,112135797
16,185123,1179031
13,49660418,50655879
9,135257703,136249929
16,1381714,2368169
5,10262158,11258423
19,36911000,37894468
22,43851485,44851090
8,101178405,102173445
17,139937,1135160
7,99527977,100525805
8,21798429,22797720
7,32649189,33644948
22,45205728,46203356
2,186957383,187950140
3,44272966,45268116
10,75032930,76031721
16,53238253,54235440
12,116849038,117848207
5,179524425,180514652
20,4608341,5597276
1,109330357,110325532
5,55705457,56704132
13,72858314,73854666
6,125125128,126122564
7,91272344,92264993
11,43589812,44585933
8,25741329,26739978
5,179918197,180709915
17,77697097,78692004
6,27632780,28477895
1,91374399,92366174
16,89586488,90172696
7,26085996,27073731
19,43975513,44964300
1,155157853,156156219
6,34369906,35356640
3,185937652,186932041
14,60139839,61132558
17,44177103,45088455
3,100936248,101925787
5,159782175,160773467
17,2684169,3676393
16,69648495,70646213
22,41102074,42100275
1,200139350,201138712
16,68873686,69872404
10,127085818,128083065
2,241799266,242795350
2,99272057,100270694
1,5553470,6550505
4,122119281,123115502
19,13387250,14385020
17,44177103,45155914
6,25959355,26951678
12,120474110,121470256
21,40254465,41251383
3,52242902,53234994
20,25539486,26307797
2,132547620,133514933
19,7406066,8335689
19,5934233,6933754
17,32416255,33406488
9,26457170,27455823
19,52403516,53400760
14,67573141,68563319
3,195942444,196933962
14,23004710,24002887
2,195948693,196928151
22,20860931,21811991
14,73564685,74555269
17,54416639,55414004
21,36952887,37950796
1,109711847,110710362
1,70326207,71318261
3,14194094,15192862
7,37789251,38784481
1,25261203,26255731
5,67994198,68828296
