ENSG00000016864 0.0009734789503965617 0.12335696872405993 0.796956112195193 0.07834882728053959
ENSG00000049167 0.0005755939551196083 0.13006491057446076 -0.5652459842090263 0.0415561320711191
ENSG00000092020 0.0001934064329305121 0.4957466233805746 -0.09807428605879077 0.004768371410995107
ENSG00000102882 0.0009107994950727854 0.2507672792558329 -0.7614962079413207 0.14541404586724252
ENSG00000111850 6.10380030153873e-05 0.3968673328676366 0.5642777933417519 0.1263663004735408
ENSG00000112763 0.0016662942948820442 0.06480175231840088 -0.14538554551835176 0.001369711842277753
ENSG00000120451 0.0024101858889476364 0.39761342760680785 -0.8443192230889832 0.28344865251442564
ENSG00000124508 0.0016477358493568125 0.11887586519729862 -0.12536673050736385 0.0018683502330625636
ENSG00000124613 0.0017677413881969624 0.14526258295215788 0.4388125736454544 0.027971250892062666
ENSG00000126464 0.0070268492054165735 -0.015022989429730984 0.700428814831483 -0.007370286495980876
ENSG00000132600 0.00036560228440438185 0.057995712881610144 -0.7344830348061202 0.03128667629651434
ENSG00000137331 0.0007732183410982909 0.004961034699282283 0.397376853713715 0.0007833888724531198
ENSG00000146830 0.0004817939318709258 0.12674518323974293 -0.8642268493256647 0.09466446238867582
ENSG00000152219 0.0007767248590768739 0.22250344633565372 -0.8828465756436973 0.17342320807429595
ENSG00000159231 0.0002527151985136281 0.3615933096525904 0.7745950196032464 0.2169550617015781
ENSG00000163938 0.000979528844754828 0.015066501237408813 -0.7514987003929521 0.00850881104394147
ENSG00000164088 0.0009429768246897947 0.2018548456149524 -0.40210318249903804 0.03263729824131269
ENSG00000164241 0.00029381562004011794 0.20710912854567196 -0.8814488300780104 0.160913859935687
ENSG00000167264 0.0003486449763134633 0.061292892717631345 -0.8725661533751015 0.046666673436967177
ENSG00000170802 0.00039886596421727415 0.0755118331102836 0.7969665013209579 0.04796176398550859
ENSG00000172687 0.00024514027154396426 0.605862239185565 -0.8685823426529836 0.45708385167750476
ENSG00000172922 0.00025237332735775453 0.035778974112230286 0.8110832052352321 0.02353741157045889
ENSG00000173295 0.00101304991372774 0.970658957715177 0.003960739414129999 1.522717037607191e-05
ENSG00000175662 0.0004927053132518577 0.482557526892415 0.8652695001791408 0.36128662596549943
ENSG00000177082 0.0011380456182996856 0.08539470660550434 -0.39204448527142993 0.013125070629273554
ENSG00000186470 0.0016657765820064653 0.3015548083563253 -0.7537402820915096 0.17132064843874406
ENSG00000187987 0.00161893735372637 0.5690717514471881 0.670012150094266 0.2554655744377203
ENSG00000189298 0.0016795752036553213 0.12429636654789027 -0.42237292890519945 0.022174333956417075
ENSG00000196236 0.0016295407334329347 0.02926761774970236 -1.04530677075302 0.03197973798613893
ENSG00000198951 0.0007721600586462793 0.2912528560610353 -0.9668192150857775 0.27224551836722
ENSG00000203875 0.00019268786547557015 0.17611279277221653 -0.8487022660599355 0.12685325853945492
ENSG00000213523 0.0005192695673071114 0.280262322314081 0.06795234256593134 0.001294117119612716
ENSG00000214435 0.0008643741093679534 0.548379246140257 -0.580977731784359 0.18509725729974827
ENSG00000226314 0.001937746786175118 0.4218570142664201 0.1424572677396918 0.008561197098710092
ENSG00000234745 0.002007160094617744 0.10343233198455595 0.4741037481702176 0.02324893664187004
ENSG00000235109 0.0016802938330279526 0.43300146988901483 0.41043045433600495 0.07294046495496317
ENSG00000238083 0.00028461313866015163 0.4495127257459855 0.8373557766179077 0.3151824539814264
ENSG00000262246 0.0007176826299677973 0.17013101871823533 0.7357672061741095 0.09210100231199352